1111111111111111111111111111111111111111111111111111111111111111111111111111111111111111111111111111
1111111111111111111111111111111111111111111111111111111111111111111111111111111111111111111111111111
1111111111111111111111111111111111111111111111111111111111111111111111111111111111111111111111111111
1111111111111111111111111111111111111111111111111111111111111111111111111111111111111111111111111111
1111111111111111111111111111111111111111111111111111111111111111111111111111111111111111111111111111
1111111111111111111111111111111111111111111111111111111111111111111111111111111111111111111111111111
1111111111111111111111111111111111111111111111111111111111111111111111111111111111111111111111111111
1111111111111111111111111111111111111111111111111111111111111111111111111111111111111111111111111111
1111111111111111111111111111111111111111111111111111111111111111111111111111111111111111111111111111
1111111111111111111111111111111111111111111111111111111111111111111111111111111111111111111111111111
1111111111111111111111111111111111111111111111111111111111111111111111111111111111111111111111111111
1111111111111111111111111111111111111111111111111111111111111111111111111111111111111111111111111111
1111111111111111111111111111111111111111111111111111111111111111111111111111111111111111111111111111
1111111111111111111111111111111111111111111111111111111111111111111111111111111111111111111111111111
1111111111111111111111111111111111111111111111111111111111111111111111111111111111111111111111111111
1111111111111111111111111111111111111111111111111111111111111111111111111111111111111111111111111111
1111111111111111111111111111111111111111111111111111111111111111111111111111111111111111111111111111
1111111111111111111111111111111111111111111111111111111111111111111111111111111111111111111111111111
1110000000000000000000000000000000111111111111111111111111111111111111111111111111111111111111111111
1110111111111111111111111111111110111111111111111111111111111111111111111111111111111111111111111111
1110111111111111111111111111111110111111111111111111111111111111111111111111111111111111111111111111
1110111111111111111111111111111110111111111111111111111111111111111111111111111111111111111111111111
1110111111111111111111111111111110111111111111111111111111111111111111111111111111111111111111111111
1110111111111111111111111111111110111111111111111111111111111111111111111111111111111111111111111111
1110111111111111111111111111111110111111111111111111111111111111111111111111111111111111111111111111
1110111111111111111111111111111110111111111111111111111111111111111111111111111111111111111111111111
1110111111111111111111111111111110111111111111111111111111111111111111111111111111111111111111111111
1110111111111111111111111111111110111111111111111111111111111111111111111111111111111111111111111111
1110111111111111111111111111111110111111111111111111111111111111111111111111111111111111111111111111
1110111111111111111111111111111110111111111111111111111111111111110000000001111111111111111111111111
1110111111111111111111111111111110111111111111111111111111111111000111011100000111111111111111111111
1110111111111111111111111111111110111111111111111111111111111000011111011111110011111111111111111111
1110111111111111111111111111111110111111111111111111111111000011111111011111111000011111111111111111
1110111111111111111111111111111110111111111111111111111000011111111111011111111111000011111111111111
1110111111111111111111111111111110111111111111111111000011111111111111011111111111111000111111111111
1110111111111111111111111111111110111111111111111000011111111111111111011111111111111110000011111111
1110011111111111111111111111111110111111111111000011011111111111111111011111111111111111111000111111
1111011111111111111111111111111110111111111000011111011111111111111111011111111111111111111110011111
1111011111111111111111111111111110111111000011111111011111111111111111011111111111111111111111000011
1111011111111111111111111111111110111110011111111111011111111111111111011111111111111111111111111011
1111011111111111111111111111111110111000111111111111011111111111111111011111111111111111111111111011
1111011111111111111111111111111110111011111111111111001111111111111111011111111111111111111111111011
1111011111111111111111111111111110111011111111111111011111111111111111011111111111111111111111111011
1111011111111111111111111111111110000011111111111111011111111111111111011111111111111111111111111011
1111011111111111111111111111111110111111111111111111011111111111111111011111111111111111111111111011
1111011111111111111111111111111110111111111111111111011111111111111111011111111111111111111111111011
1111011111111111111111111111111110111111111111111111011111111111111111011111111111111111111111111011
1111011111111111111111111111111110111111111111111111011111111111111111011111111111111111111111111011
1111011111111111111111111111111110111111111111111111011111111111111111011111111111111111111111111011
1111011111111111111111111111111110111111111111111111011111111111111111011111111111111111111111111011
1111011111111111111111111111111110111111111111111111011111111111111111011111111111111111111111111011
1111011111111111111111111111111110111111111111111111011111111111111111011111111111111111111111111011
1111011111111111111111111111111110111111111111111111011111111111111111011111111111111111111111111011
1111011111111111111111111111111110111111111111111111011111111111111111011111111111111111111111111011
1111011111111111111111111111111110111111111111111111011111111111111111011111111111111111111111111011
1111011111111111111111111111111000000000000000000000000000000000000000000000000000000000000000000011
1111011111111111111111111111000011111111111111111111111111111111111111111111111111111111111111111111
1111011111111111111111111100011111111111111111111111111111111111111111111111111111111111111111111111
1111011111111111111111100001111111111111111111111111111111111111111111111111111111111111111111111111
1111011111111111111100001111111111111111111111111111111111111111111111111111111111111111111111111111
1111011111111111110001111111111111111111111111111111111111111111111111111111111111111111111111111111
1111011111111100000111111111111111111111111111111111111111111111111111111111111111111111111111111111
1111011111100001111111111111111111111111111111111111111111111111111111111111111111111111111111111111
1111011100001111111111111111111111111111111111111111111111111111111111111111111111111111111111111111
1111000001111111111111111111111111111111111111111111111111111111111111111111111111111111111111111111
1111111111111111111111111111111111111111111111111111111111111111111111111111111111111111111111111111
1111111111111111111111111111111111111111111111111111111111111111111111111111111111111111111111111111
1111111111111111111111111111111111111111111111111111111111111111111111111111111111111111111111111111
1111111111111111111111111111111111111111111111111111111111111111111111111111111111111111111111111111
1111111111111111111111111111111111111111111111111111111111111111111111111111111111111111111111111111
1111111111111111111111111111111111111111111111111111111111111111111111111111111111111111111111111111
1111111111111111111111111111111111111111111111111111111111111111111111111111111111111111111111111111
1111111111111111111111111111111111111111111111111111111111111111111111111111111111111111111111111111
1111111111111111111111111111111111111111111111111111111111111111111111111111111111111111111111111111
1111111111111111111111111111111111111111111111111111111111111111111111111111111111111111111111111111
1111111111111111111111111111111111111111111111111111111111111111111111111111111111111111111111111111
1111111111111111111111111111111111111111111111111111111111111111111111111111111111111111111111111111
1111111111111111111111111111111111111111111111111111111111111111111111111111111111111111111111111111
1111111111111111111111111111111111111111111111111111111111111111111111111111111111111111111111111111
1111111111111111111111111111111111111111111111111111111111111111111111111111111111111111111111111111
1111111111111111111111111111111111111111111111111111111111111111111111111111111111111111111111111111
1111111111111111111111111111111111111111111111111111111111111111111111111111111111111111111111111111
1111111111111111111111111111111111111111111111111111111111111111111111111111111111111111111111111111
1111111111111111111111111111111111111111111111111111111111111111111111111111111111111111111111111111
1111111111111111111111111111111111111111111111111111111111111111111111111111111111111111111111111111
1111111111111111111111111111111111111111111111111111111111111111111111111111111111111111111111111111
1111111111111111111111111111111111111111111111111111111111111111111111111111111111111111111111111111
1111111111111111111111111111111111111111111111111111111111111111111111111111111111111111111111111111
1111111111111111111111111111111111111111111111111111111111111111111111111111111111111111111111111111
1111111111111111111111111111111111111111111111111111111111111111111111111111111111111111111111111111
1111111111111111111111111111111111111111111111111111111111111111111111111111111111111111111111111111
1111111111111111111111111111111111111111111111111111111111111111111111111111111111111111111111111111
1111111111111111111111111111111111111111111111111111111111111111111111111111111111111111111111111111
1111111111111111111111111111111111111111111111111111111111111111111111111111111111111111111111111111
1111111111111111111111111111111111111111111111111111111111111111111111111111111111111111111111111111
1111111111111111111111111111111111111111111111111111111111111111111111111111111111111111111111111111
1111111111111111111111111111111111111111111111111111111111111111111111111111111111111111111111111111
1111111111111111111111111111111111111111111111111111111111111111111111111111111111111111111111111111
1111111111111111111111111111111111111111111111111111111111111111111111111111111111111111111111111111
1111111111111111111111111111111111111111111111111111111111111111111111111111111111111111111111111111

